2,1,2.82842712474619,5.09901951359278,4,9.21954445729289,8.60232526704263,13.0384048104053,6.08276253029822,3.16227766016838,3.16227766016838,7.81024967590665,8.94427190999916,8.06225774829855
4.12310562561766,1,2.82842712474619,9.21954445729289,4.47213595499958,29,7.07106781186548,13.0384048104053,10.4403065089106,6.08276253029822,4.12310562561766,5.09901951359278,9.21954445729289,6.70820393249937
70.1141925718324,7.21110255092798,9,72.4016574395918,148.519359007504,153.394915169963,77.1038261048049,162.609962794412,65.1920240520265,73.0273921210391,71.0633520177595,151.347282763847,83.0240928887513,158.751377946776
72.1734023030645,8.60232526704263,9,75.7165767847438,159.862440867141,157.689568456509,76.4198926981712,156.064089399195,73.1641988953614,75.3259583410659,76.2167960491649,154.175224987674,84.4807670419723,162.015431363806
75.0266619276108,8.06225774829855,9,78.390050389064,168.67127793433,169.331036729833,76.3216876123687,164.304595188327,75.0266619276108,77.1038261048049,77.884529914483,165.469030334984,83.4865258589672,163.232962357485
78.3134726595622,8.60232526704263,9,85.9592926913664,182.452733605172,178.89941307897,80.6225774829855,169.097604950514,81.4370922860093,83.2946576918352,84.770277810091,177.654158408972,88.3628881374981,170.76592165886
87.3670418407308,10,10,95.7548954362125,201.400099304841,199.218473039023,89.3588272080604,181.835090122891,94.0212741883453,91.0219753685889,90.2496537389479,192.961135983389,96.5194280961092,182.879741907079
94.5304183847718,10.295630140987,11,101.390334845093,208.614476966485,219.658826364888,99.3227063666713,204.882893380585,99.3629709700752,99.0454441153151,94.3663075467086,206.228029132802,102.420701032555,194.247265103012
101.59724405711,10.295630140987,12,110.367567699936,219.237314342244,234.258404331627,110.113577727726,226.311731909771,105.815877825589,107.563934476199,98.6559678884151,220.272558436134,111.085552615991,207.761882933323
106.569226327303,11.1803398874989,12,114.982607380421,223.651514638287,242.002066106883,119.016805536025,239.776979712399,110.981980519362,115.260574352204,101.71037311897,228.973797627589,118.359621493143,221.208046869909
110.222502239788,11.1803398874989,13,116.29703349613,229.002183395705,251.017927646613,121,249.14654322306,113.207773584679,118.258192105241,107.168092266308,237.118114027588,122.723265927859,234.718980911216
110.113577727726,10.770329614269,13,117.885537705013,235.637433358964,259.123522668244,119,257.186702611158,111.251966274758,118.456743159687,112,243.731409547477,119.104995697074,238.606370409509
113.282831885507,11.1803398874989,13,120.070812439993,250.145957392879,263.427409355974,120,257.598524840497,114.017542509914,120.415945787923,117.00427342623,253.671046830339,118.004237212059,245.578907889094
117.209214654821,10.770329614269,14.0356688476182,120.702112657567,265.80067720004,272.244375515822,120,263.180546393536,114.021927715681,121.04957662049,121.202310209006,264.092786724666,117.643529358822,255.264568634192
123.47064428438,11.4017542509914,14.0356688476182,126.019839707881,282.418129729662,276.855558008143,127.251719045363,269.57930187609,119.004201606498,124.951990780459,127.06297651165,271.48664792214,124.615408357073,269.981480846372
131.973482184869,12.369316876853,15.0332963783729,136.297468795279,291.568173846186,292.745623366089,134.003731291334,284.543494039136,129.556937290135,131.468627436358,130.552671362941,283.134243778459,138.397976863826,284.084494473035
138.600144300069,14.560219778561,15.0332963783729,141.088624630053,299.474539819331,299.553000318808,143.013985330107,297.154841791279,138.408814748194,140.185591271,139.359247988786,294.108823397055,151.211772028503,303.265560194362
142.411375950097,14.3178210632764,16.0312195418814,144.013888219158,311.717821113904,316.362134270206,144,307.327187212586,141.354165131417,143.293405291381,142.144292885786,305.08031729366,159.213692878471,308.97249068485
144.734239211045,14.3178210632764,16.1245154965971,150.053323855222,309.870940877004,320.257708728455,149,316.243577009874,143.808900976261,147.363496158309,146.239529539725,309.974192474148,161.446585594122,312.947279905098
149.110697134713,16.2788205960997,16.0312195418814,152.397506541282,316.632278834613,336.732831782112,150.163244504106,318.472918785884,153.808322271586,151.924323266553,146.659469520382,313.904444059016,164.137137784232,313.765836253726
146.536684826701,15.2970585407784,16.1245154965971,149.482440440341,322.187833413988,329.734741875951,151.029798384292,317.170301257857,155.206314304541,156.387339641034,145.38225476309,315.158690186388,160.878836395593,309.006472424123
148.489056835849,15.1327459504216,16.1245154965971,151.753088930671,329.006078971195,331.078540530793,156.156972306714,316.622803979751,160.262285020525,161.058995402306,143.377125093231,316.469587796363,162.828130247817,311.271585596887
149.254815667703,15.0332963783729,17.2626765016321,157.508729916789,326.153338170867,334.462254970572,162.24980739588,324.089493813052,165.02424064361,163.685674388445,144.069427707616,321.498055981681,165.855358671344,320.224920954007
153.169840373358,15.0332963783729,17.2626765016321,157.648342839371,329.492033287605,338.462701046954,162.603812993423,333.568583652598,166.385095486345,167.358895789856,150.57224179775,330.364949714706,171.143214881572,332.640947569598
155.331902711581,15,18.4390889145858,163.321768298044,340.801995299323,345.404111150982,163.248277173145,343.048101583437,162.855764405194,168.647561500307,156.869372409021,344.768037961758,168.807582768074,335.882419903156
161.554944214035,17,18.6815416922694,170.496334271444,357.239415518501,361.809342057388,169.106475334329,350.228496841705,164.137137784232,169.955876626847,164.468842033985,357.314987091222,167.600715988924,346.623715287919
164.842348927695,17.0293863659264,19.6468827043885,173.611635554763,364.329521175542,371.270790663634,169.047330650324,360.489944381255,164.012194668567,169.59363195592,168.077363139716,368.04890979325,168.582324103092,353.389303743053
171.470114014075,17.1172427686237,19.6468827043885,175.863583495845,374.855972341378,365.168454278296,176.025566324895,363.716922894715,166.111408398099,173.588594095349,171.397199510377,367.021797717792,171.828402774396,362.492758548361
180.612845611822,19.1049731745428,19.6468827043885,184.772833501032,388.561449451692,381.608438061844,188.095720312824,378.054228914319,182.718362514554,180.759508740204,175.328263551545,376.119661809909,188.430358488222,384.08332429305
179.120071460459,18.2482875908947,19.6468827043885,179.780421625938,384.762264261973,388.154608371458,184.458667456967,382.325777315629,182.584227139148,180.005555469824,179.602338514842,377.127299462662,192.852275070843,382.205442138125
176.459627110566,17.2626765016321,18.6815416922694,179.780421625938,381.057738407187,380.864805410004,186.386694804109,379.885509068193,178.339563754092,180.88670487352,181.342217919601,374.488985151766,193.080294178355,380.433962732036
175.823775411632,17.464249196573,18.6815416922694,181.46625030567,377.57780655118,388.47908566614,183.324848288496,382.091612051351,181.176709319934,181.474516117277,179.568928269899,378.94194806065,195.256241897666,376.463809681621
172.699160391705,16.7630546142402,18.9736659610103,178.877052748529,379.348125077744,376.621826239532,183.613724977192,370.774864304472,176.045448677323,183.043710626724,179.412931529475,374.189791416067,186.461792332907,364.428319426468
168.617911266864,16.7630546142402,18.9736659610103,180.277563773199,360.600887408781,368.951216287465,185.558616075891,370.32418230518,176.283861995362,182.701943065748,172.037786547026,368.925466727359,189.994736769206,365.395675945953
172.235304162648,17.0880074906351,18.9736659610103,186.657440248172,369.849969582262,368.647528134938,192.15098230298,369.943238889427,183.575597506858,186.938492558381,167.907712747211,370.472671056854,190.709202714499,369.486129644944
175.684376083931,18.3847763108502,19.313207915828,191.942699783034,372.236483972219,387.551286928582,196.62146373171,381.083980245825,194.743420941504,189.525723847714,168.0476123008,379.226845041329,196.596032513375,377.11536696348
179.938878511566,18.7882942280559,19.6977156035922,191.25375813301,374.553067001193,398.037686657934,196.461192096556,388.32074371581,193.829822266853,190.276115158997,178.361991466792,385.810834477209,196.331352564994,390.160223497988
186.815416922694,20.1246117974981,19.6977156035922,194.558474500598,388.325894063221,416.270344848153,197.294196569489,402.604023824899,200.820815654155,190.433715502271,184.621233881696,397.020150622106,199.461775786741,398.497176903425
189.615400218442,20.591260281974,19.6977156035922,192.353840616713,396.676190361862,412.466968374438,197.989898732233,403.982672895757,197.408206516345,190.433715502271,189.509894200804,401.124668899832,199.461775786741,405.360333530552
190.184121314057,20.591260281974,19.6977156035922,190.223552695243,395.706962283961,398.899736776048,194.486503387767,401.696402772044,192.20041623264,189.179808647752,191.689853669932,394.620070447513,199.624647776771,412.565146370849
185.607111932706,18.8679622641132,19.6977156035922,181.837839846386,385.129848233034,385.810834477209,185.690602885553,393.711823546106,180.155488398217,180.922635399775,186.034942954274,387.253147178948,196.420467365293,402.951609998024
178.941331167509,18.0277563773199,18.7882942280559,177.654158408972,385.051944547745,378.857492997037,183.095603442573,383.725162062641,176.649370222483,178.103902259327,183.251193720532,380.595585891376,191.635069859355,387.351261776698
177.124250174842,17.8044938147649,19.2353840616713,174.14074767268,375.554257065474,375.217270391436,179.888854574151,375.694024440102,173.118456555042,175.601822314007,181.686543255135,378.001322749008,197.121789764602,384.067702365091
179.602338514842,17.8044938147649,19.2353840616713,180.693109995927,372.645944564006,380.443162640624,182.455474020376,378.977571895752,177.504929509014,176.232800579234,181.176709319934,378.80865882395,199.449241663136,378.022486103671
178.474087755058,18.4390889145858,19.723082923316,186.935817862709,382.280002092707,404.143538857174,185.14858897653,390.274262538538,182.236110581849,177.867928531256,182.62803727796,393.794362580269,201.81427105138,373.230491787582
188.308257917703,19.1049731745428,19.723082923316,194.982050455933,391.675886416307,410,197.294196569489,391.062654826564,195.412384459123,185.399568500037,186.400107296106,399.111513239095,206.320139588941,382.205442138125
187.47266467408,19.1049731745428,19.723082923316,198.829072320926,387.7795765638,405.764710146163,202.980294610093,396.232255123179,200.232365016248,191.47062437878,184.458667456967,398.268753481867,212.198020725925,393.146283207663
185.064853497362,19.1049731745428,19.723082923316,200.883050554296,382.404236378207,394.727754281353,204.941455054852,390.448460107093,200.561711201316,194.123671920763,179.471446196881,390.294760405517,208.319466205153,388.741559393899
175.801023887803,19.1049731745428,19.723082923316,194.617573718305,381.356788322956,399.53097501946,194.535343832425,385.389413450863,193.981957923927,189.87364219396,170.83617883809,386.358641678946,195.166595502407,373.590685108716
171.292148097921,17.6918060129541,18.8679622641132,182.833257368565,363.176265744335,379.722266926763,186.550261323859,370.72496543934,185.151289490514,183.469343488224,170.856665073388,371.344853202518,186.550261323859,372.388238267537
164.395863694924,17.0293863659264,19.723082923316,174.324410224157,361.38206928402,374.70121430281,173.954016912516,368.517299458248,176.388775153069,174.3932338137,167.720004769854,364.891764774159,176.776695296637,360.068049124051
165.92166826548,17.8044938147649,19.723082923316,170.061753489725,365.141068629646,368.365307812774,171.163664368347,362.327200193416,171.840041899436,170.531522012794,167.630546142402,362.436201282377,171.84295155752,357
162.874184572019,17.8044938147649,20.2484567313166,165.196852270254,360.568994784632,370.163477398838,166.979040600909,364.683424355975,166.243796876756,164.438438328756,171.163664368347,363.589053740621,166.595318061463,356.005617933201
166.481230173254,17.8044938147649,20.2484567313166,162.984661855035,360.435847273825,362.167088510262,167.442527453452,362.790573196162,162.659152831926,162.585362194756,174.897112611958,360.555127546399,168.961534083945,362.005524819719
3.16227766016838,1,3,20.2237484161567,23.7697286480094,17.4928556845359,10.4403065089106,13.6014705087354,10.295630140987,13.4536240470737,8.94427190999916,3.60555127546399,11.7046999107196,13.6014705087354
2,1,2,2,21.2602916254693,6.70820393249937,3.60555127546399,26.9258240356725,11.0453610171873,9,12.5299640861417,3,3.60555127546399,5.3851648071345
